Date,Open,High,Low,Close,Adj Close,Volume
2021-03-12,86.019997,87.139999,85.800003,86.709999,79.595551,93600
2021-03-15,87.519997,88.629997,87.410004,88.500000,81.238678,120900
2021-03-16,87.419998,88.760002,87.250000,88.110001,80.880684,146900
2021-03-17,85.900002,86.690002,85.190002,86.180000,79.109039,120200
2021-03-18,84.010002,84.089996,81.510002,81.559998,74.868095,104300
2021-03-19,80.400002,81.879997,80.230003,81.830002,75.115952,63700
2021-03-22,81.959999,82.190002,81.370003,81.379997,74.702866,88700
2021-03-23,78.699997,79.589996,77.820000,78.000000,71.600189,57400
2021-03-24,80.040001,81.589996,80.040001,80.309998,73.720657,62500
2021-03-25,79.879997,81.040001,79.320000,81.000000,74.354042,41700
2021-03-26,81.940002,82.639999,81.790001,82.559998,75.786049,58200
2021-03-29,81.779999,82.980003,81.260002,82.680000,75.896210,27300
2021-03-30,80.970001,81.510002,80.669998,81.129997,74.473381,37000
2021-03-31,81.129997,81.300003,80.660004,80.790001,74.161278,36900
2021-04-01,80.800003,80.800003,78.879997,79.820000,73.270866,75200
2021-04-05,77.379997,79.570000,77.379997,78.500000,72.059174,47900
2021-04-06,76.639999,77.099998,76.169998,76.169998,69.920341,45200
2021-04-07,76.300003,77.750000,76.300003,77.540001,71.177933,34100
2021-04-08,77.900002,78.080002,77.760002,77.989998,71.591019,35000
2021-04-09,76.559998,76.949997,76.519997,76.849998,70.544548,265000
2021-04-12,77.099998,77.779999,77.099998,77.709999,71.333984,234100
2021-04-13,77.510002,79.680000,77.250000,79.400002,72.885323,52600
2021-04-14,79.459999,81.680000,79.379997,80.699997,74.078659,75500
2021-04-15,79.139999,79.519997,78.870003,79.199997,72.701736,104000
2021-04-16,80.139999,80.199997,79.360001,80.059998,73.491173,63100
2021-04-19,79.379997,79.449997,78.330002,78.739998,72.279472,18800
2021-04-20,77.110001,77.129997,76.000000,76.860001,70.553726,71300
2021-04-21,77.120003,77.650002,76.919998,77.550003,71.187119,43500
2021-04-22,78.860001,80.040001,78.519997,79.440002,72.922043,42000
2021-04-23,79.580002,79.790001,79.220001,79.239998,72.738457,28100
2021-04-26,78.900002,79.059998,78.730003,78.739998,72.279472,54000
2021-04-27,79.000000,79.059998,78.480003,78.830002,72.362091,137500
2021-04-28,78.769997,79.339996,78.480003,79.180000,72.683380,91400
2021-04-29,79.459999,79.690002,79.000000,79.449997,72.931213,104400
2021-04-30,77.040001,77.519997,76.550003,77.239998,70.902550,96600
2021-05-03,77.000000,78.320000,76.879997,77.860001,71.471680,24500
2021-05-04,79.190002,79.870003,78.879997,79.870003,73.316765,32500
2021-05-05,81.779999,82.220001,81.519997,81.589996,74.895630,36200
2021-05-06,82.019997,82.209999,81.639999,81.870003,75.152664,31600
2021-05-07,81.889999,82.800003,81.720001,82.360001,75.602463,36600
2021-05-10,83.519997,83.519997,82.150002,82.260002,75.510666,95800
2021-05-11,80.650002,81.349998,80.389999,81.250000,74.583534,232800
2021-05-12,81.269997,83.290001,81.269997,81.830002,75.115952,90700
2021-05-13,81.500000,82.360001,81.190002,81.650002,74.950714,36400
2021-05-14,81.720001,82.169998,81.599998,82.019997,75.290359,50300
2021-05-17,80.000000,81.040001,79.900002,81.000000,74.354042,50300
2021-05-18,81.349998,81.750000,81.000000,81.449997,74.767128,56600
2021-05-19,79.000000,79.750000,78.279999,79.120003,72.628304,42900
2021-05-20,77.620003,78.050003,77.500000,77.629997,71.260551,88500
2021-05-21,78.669998,79.830002,78.660004,78.870003,72.398811,43100
2021-05-24,78.419998,79.269997,78.419998,79.190002,72.692558,20900
2021-05-25,80.839996,80.900002,80.320000,80.400002,73.803276,52900
2021-05-26,81.519997,82.290001,81.519997,81.669998,74.969070,37300
2021-05-27,81.360001,81.709999,81.080002,81.230003,74.565178,71200
2021-05-28,81.389999,81.720001,81.050003,81.209999,74.546814,74300
2021-06-01,84.180000,84.690002,84.019997,84.300003,77.383286,55700
2021-06-02,85.639999,87.769997,85.639999,87.540001,80.357452,101200
2021-06-03,87.779999,88.680000,87.440002,88.220001,80.981659,138000
2021-06-04,89.510002,89.660004,88.949997,89.169998,81.853706,263900
2021-06-07,89.889999,90.290001,89.419998,90.080002,82.689041,39600
2021-06-08,89.290001,90.000000,89.000000,89.540001,82.193352,210100
2021-06-09,90.900002,91.320000,90.769997,90.879997,83.423401,191700
2021-06-10,91.669998,92.199997,90.970001,91.500000,83.992531,86200
2021-06-11,90.629997,90.639999,89.919998,90.230003,82.826736,61800
2021-06-14,90.139999,90.760002,90.059998,90.269997,82.863449,48400
2021-06-15,89.919998,90.150002,89.599998,90.139999,82.744118,37000
2021-06-16,91.220001,92.199997,90.190002,90.470001,83.047050,120800
2021-06-17,92.940002,93.139999,91.480003,91.919998,84.378075,32600
2021-06-18,91.860001,92.379997,91.269997,91.290001,83.799759,38800
2021-06-21,91.040001,91.489998,90.720001,91.300003,83.808945,38500
2021-06-22,91.220001,92.010002,91.019997,91.989998,84.442322,91900
2021-06-23,91.699997,92.080002,90.989998,91.000000,83.533562,189100
2021-06-24,92.760002,93.459999,92.639999,93.120003,85.479622,75100
2021-06-25,93.980003,94.110001,93.849998,94.000000,86.287415,28000
2021-06-28,94.620003,94.699997,93.279999,93.379997,85.718285,232200
2021-06-29,92.019997,92.019997,91.589996,91.919998,84.378075,45400
2021-06-30,92.230003,93.080002,91.980003,92.000000,84.451508,166900
2021-07-01,93.080002,93.080002,92.220001,92.550003,87.769791,55800
2021-07-02,93.139999,93.360001,92.870003,93.230003,88.414673,30700
2021-07-06,93.820000,93.820000,91.680000,91.730003,86.992142,52900
2021-07-07,91.459999,91.529999,90.220001,90.790001,86.100693,21900
2021-07-08,88.080002,89.610001,88.050003,89.279999,84.668686,34000
2021-07-09,89.680000,89.680000,89.320000,89.559998,84.934219,35900
2021-07-12,88.410004,88.839996,88.190002,88.699997,84.118637,33100
2021-07-13,88.940002,89.699997,88.839996,89.169998,84.564362,75300
2021-07-14,90.510002,90.510002,88.150002,88.660004,84.080711,20700
2021-07-15,86.580002,86.830002,86.309998,86.449997,81.984848,32000
2021-07-16,86.279999,86.379997,85.239998,85.970001,81.529648,27500
2021-07-19,83.970001,84.300003,83.129997,83.320000,79.016518,38400
2021-07-20,83.370003,84.919998,83.040001,84.800003,80.420082,64600
2021-07-21,85.669998,86.570000,85.669998,86.410004,81.946922,43500
2021-07-22,87.139999,87.580002,86.639999,87.309998,82.800430,63700
2021-07-23,87.379997,87.379997,86.779999,87.000000,82.506447,97800
2021-07-26,85.940002,86.699997,85.930000,86.699997,82.221939,18500
2021-07-27,85.820000,85.989998,85.410004,85.910004,81.472748,23300
2021-07-28,86.489998,87.190002,86.309998,87.150002,82.648697,43300
2021-07-29,87.129997,87.860001,87.129997,87.849998,83.312538,51300
2021-07-30,86.360001,86.419998,85.589996,85.889999,81.453773,30900
2021-08-02,86.849998,87.199997,86.209999,86.250000,81.795181,33100
2021-08-03,85.419998,86.059998,84.809998,86.059998,81.614998,30600
2021-08-04,85.519997,85.919998,85.040001,85.099998,80.704582,29000
2021-08-05,85.459999,86.250000,85.239998,86.000000,81.558098,62200
2021-08-06,85.459999,85.459999,84.790001,84.849998,80.467491,23900
2021-08-09,85.209999,85.699997,85.070000,85.500000,81.083923,48800
2021-08-10,86.309998,86.900002,86.230003,86.900002,82.411613,25100
2021-08-11,87.620003,88.000000,87.230003,87.570000,83.047005,58100
2021-08-12,88.400002,88.400002,88.050003,88.150002,83.597054,19400
2021-08-13,88.019997,88.029999,87.660004,87.769997,83.236671,22000
2021-08-16,88.059998,88.730003,87.480003,88.650002,84.071228,16800
2021-08-17,89.160004,90.000000,88.889999,89.199997,84.592812,29300
2021-08-18,88.470001,88.940002,87.540001,87.540001,83.018555,43300
2021-08-19,85.269997,85.720001,84.830002,85.480003,81.064957,45900
2021-08-20,84.389999,85.470001,84.389999,85.470001,81.055473,147400
2021-08-23,86.419998,87.550003,86.419998,87.379997,82.866814,116500
2021-08-24,86.839996,88.040001,86.820000,87.949997,83.407379,111900
2021-08-25,86.820000,87.459999,86.620003,87.099998,82.601280,112500
2021-08-26,85.489998,85.779999,84.779999,85.260002,80.856316,95600
2021-08-27,85.540001,87.639999,85.540001,87.589996,83.065971,40200
2021-08-30,87.410004,87.959999,87.080002,87.400002,82.885788,37200
2021-08-31,85.620003,85.750000,84.529999,85.550003,81.131340,116600
2021-09-01,86.169998,87.169998,86.169998,86.470001,82.003822,93300
2021-09-02,87.320000,88.220001,87.059998,87.160004,82.658188,40400
2021-09-03,86.900002,87.410004,86.879997,87.129997,82.629730,13700
2021-09-07,85.699997,85.900002,85.309998,85.620003,81.197723,28800
2021-09-08,86.459999,86.839996,86.089996,86.430000,81.965889,43900
2021-09-09,86.139999,86.589996,85.849998,85.860001,81.425331,33400
2021-09-10,86.370003,86.529999,85.900002,86.029999,81.586548,53200
2021-09-13,86.820000,88.190002,86.820000,88.190002,83.634987,14100
2021-09-14,90.000000,90.750000,89.690002,89.830002,85.190277,26100
2021-09-15,90.500000,93.169998,90.500000,92.889999,88.092224,32600
2021-09-16,92.559998,92.559998,91.190002,91.830002,87.086975,120300
2021-09-17,90.699997,91.260002,90.480003,90.690002,86.005859,181400
2021-09-20,89.099998,89.610001,88.639999,89.110001,84.507462,33300
2021-09-21,90.639999,90.639999,89.580002,90.510002,85.835159,17400
2021-09-22,91.620003,92.370003,91.559998,92.000000,87.248199,46100
2021-09-23,92.589996,93.330002,92.589996,93.150002,88.338799,25300
2021-09-24,92.959999,93.790001,92.739998,93.669998,88.831940,24100
2021-09-27,95.820000,96.419998,95.720001,96.059998,91.098495,75300
2021-09-28,97.800003,97.820000,95.160004,96.330002,91.354553,54400
2021-09-29,95.040001,96.500000,95.019997,95.760002,90.813995,154500
2021-09-30,94.559998,95.820000,94.239998,94.660004,89.770813,104200
2021-10-01,95.500000,95.919998,94.870003,95.919998,90.965729,82700
2021-10-04,97.660004,98.760002,96.769997,98.110001,93.042618,80400
2021-10-05,101.129997,101.949997,100.300003,101.089996,95.868690,179200
2021-10-06,98.199997,98.470001,96.769997,98.169998,93.099510,100600
2021-10-07,99.199997,99.879997,98.650002,98.900002,93.791809,122400
2021-10-08,100.930000,101.410004,100.349998,100.550003,95.356590,24400
2021-10-11,101.180000,101.889999,100.820000,101.169998,95.944565,26000
2021-10-12,101.570000,101.980003,101.150002,101.540001,96.295456,16000
2021-10-13,99.199997,100.849998,98.980003,100.589996,95.394516,22800
2021-10-14,101.790001,101.870003,100.250000,100.599998,95.404007,18900
2021-10-15,101.550003,102.959999,101.550003,102.650002,97.348122,31000
2021-10-18,102.669998,103.180000,102.540001,102.760002,97.452446,35400
2021-10-19,102.730003,103.699997,102.650002,103.599998,98.249054,46200
2021-10-20,103.269997,105.070000,103.190002,104.669998,99.263786,48000
2021-10-21,102.529999,102.529999,101.129997,101.410004,96.172173,56300
2021-10-22,103.059998,103.129997,101.830002,102.269997,96.987747,22600
2021-10-25,105.690002,107.089996,105.650002,106.400002,100.904434,54000
2021-10-26,107.599998,107.730003,106.459999,106.940002,101.416550,38100
2021-10-27,104.620003,105.000000,103.669998,103.699997,98.343887,28500
2021-10-28,103.320000,103.730003,102.809998,103.730003,98.372345,63600
2021-10-29,101.599998,102.260002,100.559998,102.029999,96.760147,18600
2021-11-01,102.529999,102.699997,101.519997,101.680000,96.428223,101200
2021-11-02,100.300003,101.150002,100.000000,100.769997,95.565224,23800
2021-11-03,99.400002,99.849998,98.699997,99.459999,94.322884,46700
2021-11-04,99.860001,99.860001,98.470001,99.220001,94.095284,32200
2021-11-05,100.849998,100.919998,99.970001,100.650002,95.451424,31900
2021-11-08,101.019997,101.809998,100.879997,100.879997,95.669540,22500
2021-11-09,102.269997,102.269997,100.500000,101.199997,95.973015,24200
2021-11-10,101.959999,102.400002,99.699997,99.699997,94.550484,49100
2021-11-11,99.019997,100.099998,98.660004,98.849998,93.744392,179900
2021-11-12,95.139999,95.309998,93.870003,94.029999,89.173347,49300
2021-11-15,95.680000,95.699997,94.709999,95.500000,90.567421,21700
2021-11-16,94.500000,95.110001,94.480003,94.930000,90.026863,36500
2021-11-17,94.889999,95.779999,94.500000,94.900002,89.998413,52500
2021-11-18,93.519997,93.660004,92.400002,93.660004,88.822456,38500
2021-11-19,91.379997,91.419998,90.500000,91.129997,86.423126,57600
2021-11-22,88.680000,88.790001,87.349998,87.650002,83.122871,105900
2021-11-23,89.500000,91.790001,89.089996,91.790001,87.049042,122900
2021-11-24,90.239998,91.339996,90.239998,90.699997,86.015335,62200
2021-11-26,85.800003,85.959999,84.029999,85.000000,80.609749,40100
2021-11-29,89.610001,89.809998,88.370003,88.489998,83.919487,71800
2021-11-30,88.110001,88.690002,86.470001,88.180000,83.625496,85100
2021-12-01,89.379997,90.040001,87.949997,88.300003,83.739304,62900
2021-12-02,89.029999,91.250000,88.709999,91.169998,86.461067,27300
2021-12-03,91.349998,91.540001,88.830002,89.559998,84.934219,70400
2021-12-06,89.709999,89.809998,88.769997,89.300003,84.687653,28500
2021-12-07,90.050003,90.980003,90.000000,90.440002,85.768768,81100
2021-12-08,89.720001,89.779999,88.070000,89.169998,84.564362,269900
2021-12-09,89.629997,90.040001,89.059998,89.410004,84.791969,43600
2021-12-10,90.089996,90.199997,89.669998,90.040001,85.389427,69000
2021-12-13,87.440002,87.629997,86.300003,86.519997,82.051231,60700
2021-12-14,88.489998,90.070000,88.360001,89.040001,84.441078,87900
2021-12-15,88.180000,89.529999,87.239998,89.230003,84.621269,196400
2021-12-16,91.459999,92.010002,90.720001,91.250000,86.536934,153600
2021-12-17,89.910004,90.029999,88.879997,89.389999,84.773003,259200
2021-12-20,84.529999,85.480003,84.489998,85.480003,85.480003,91900
2021-12-21,85.070000,85.790001,85.000000,85.599998,85.599998,73300
2021-12-22,86.239998,86.419998,85.839996,86.070000,86.070000,89800
2021-12-23,85.889999,86.099998,85.410004,85.720001,85.720001,43700
2021-12-27,86.110001,87.000000,86.010002,86.879997,86.879997,39600
2021-12-28,87.680000,87.959999,87.500000,87.669998,87.669998,42600
2021-12-29,87.470001,87.779999,87.250000,87.730003,87.730003,38400
2021-12-30,87.400002,88.129997,87.400002,88.050003,88.050003,43800
2021-12-31,86.599998,90.540001,86.599998,89.800003,89.800003,29200
2022-01-03,89.160004,89.540001,88.750000,89.230003,89.230003,59700
2022-01-04,88.870003,89.769997,88.809998,89.220001,89.220001,34700
2022-01-05,88.080002,88.410004,85.040001,85.050003,85.050003,59200
2022-01-06,86.480003,88.019997,86.400002,87.730003,87.730003,45700
2022-01-07,89.620003,90.120003,89.360001,90.089996,90.089996,134200
2022-01-10,89.430000,90.419998,88.839996,90.110001,90.110001,33200
2022-01-11,90.500000,91.830002,90.320000,91.599998,91.599998,41400
2022-01-12,93.389999,93.389999,91.940002,92.889999,92.889999,95000
2022-01-13,89.750000,89.849998,86.500000,87.300003,87.300003,57800
2022-01-14,85.750000,87.500000,85.570000,87.050003,87.050003,113500
2022-01-18,80.660004,82.970001,80.190002,81.190002,81.190002,154700
2022-01-19,84.830002,86.139999,84.029999,85.209999,85.209999,115000
2022-01-20,85.099998,85.889999,83.510002,83.690002,83.690002,85000
2022-01-21,84.029999,84.470001,82.480003,82.959999,82.959999,135400
2022-01-24,78.910004,80.000000,76.760002,79.809998,79.809998,327800
2022-01-25,79.900002,83.599998,79.199997,83.410004,83.410004,144000
2022-01-26,83.629997,83.940002,81.839996,82.279999,82.279999,191500
2022-01-27,87.930000,88.919998,86.800003,87.430000,87.430000,88600
2022-01-28,87.970001,88.470001,86.959999,87.220001,87.220001,274300
2022-01-31,88.050003,89.040001,87.849998,88.870003,88.870003,89800
2022-02-01,91.059998,91.370003,89.660004,90.769997,90.769997,81900
2022-02-02,92.099998,92.779999,91.620003,92.779999,92.779999,57200
2022-02-03,89.529999,90.129997,88.750000,89.790001,89.790001,55400
2022-02-04,91.540001,92.589996,89.800003,91.980003,91.980003,51300
2022-02-07,91.580002,92.849998,91.580002,91.919998,91.919998,74900
2022-02-08,92.879997,93.300003,92.389999,92.419998,92.419998,178900
2022-02-09,92.930000,93.809998,92.709999,93.050003,93.050003,221300
2022-02-10,93.470001,94.739998,92.529999,92.830002,92.830002,218200
2022-02-11,90.730003,90.839996,85.720001,86.809998,86.809998,153400
2022-02-14,89.599998,90.000000,86.959999,88.230003,88.230003,160600
2022-02-15,92.790001,93.250000,91.610001,92.639999,92.639999,83000
2022-02-16,92.190002,92.980003,92.099998,92.110001,92.110001,89800
2022-02-17,87.980003,88.820000,87.400002,87.760002,87.760002,63500
2022-02-18,84.870003,85.970001,83.099998,83.610001,83.610001,162300
2022-02-22,70.980003,76.410004,70.910004,75.000000,75.000000,391300
2022-02-23,74.209999,74.419998,67.750000,67.750000,67.750000,646500
2022-02-24,37.720001,52.590000,35.000000,50.360001,50.360001,1501200
2022-02-25,54.340000,54.959999,47.299999,49.700001,49.700001,1020800
2022-02-28,24.530001,28.080000,18.549999,24.049999,24.049999,4735600
2022-03-01,12.060000,23.879999,12.010000,14.260000,14.260000,6310800
2022-03-02,12.710000,15.690000,7.230000,12.000000,12.000000,6116000
2022-03-03,10.530000,10.530000,6.860000,6.960000,6.960000,586600
2022-03-04,6.960000,6.960000,6.960000,6.960000,6.960000,0
2022-03-07,6.960000,6.960000,6.960000,6.960000,6.960000,0
2022-03-08,6.960000,6.960000,6.960000,6.960000,6.960000,0
2022-03-09,6.960000,6.960000,6.960000,6.960000,6.960000,0
2022-03-10,6.960000,6.960000,6.960000,6.960000,6.960000,0
2022-03-11,6.960000,6.960000,6.960000,6.960000,6.960000,0